0.5831699967384338 0.6089509725570679 0.05764399841427803
-0.5116040110588074 0.7636809945106506 0.29868000745773315
-0.5969970226287842 0.671239972114563 0.15243899822235107
-0.20625600218772888 -0.7090150117874146 0.39910298585891724
-0.5591359734535217 0.7216989994049072 0.23333099484443665
0.4779680073261261 -0.566923975944519 0.17740599811077118
-0.4560000002384186 0.8008649945259094 0.36875098943710327
0.5265640020370483 0.6867319941520691 0.151651993393898
-0.4661189913749695 -0.5220810174942017 0.03267600014805794
0.4372510015964508 -0.6075620055198669 0.26867198944091797
-0.6851209998130798 0.14462700486183167 -0.2098580002784729
0.5831699967384338 0.6089509725570679 0.05764399841427803
0.5831699967384338 0.6089509725570679 0.05764399841427803
0.4779680073261261 -0.566923975944519 0.17740599811077118
0.5435479879379272 0.6655030250549316 0.12650300562381744
0.4779680073261261 -0.566923975944519 0.17740599811077118
0.4779680073261261 -0.566923975944519 0.17740599811077118
0.4372510015964508 -0.6075620055198669 0.26867198944091797
-0.20625600218772888 -0.7090150117874146 0.39910298585891724
0.3271229863166809 -0.671110987663269 0.4160340130329132
0.5831699967384338 0.6089509725570679 0.05764399841427803
-0.5591359734535217 0.7216989994049072 0.23333099484443665
0.5831699967384338 0.6089509725570679 0.05764399841427803
0.6193739771842957 0.5293329954147339 -0.006337999831885099
0.28496700525283813 -0.6853600144386292 0.4614740014076233
0.5831699967384338 0.6089509725570679 0.05764399841427803
-0.3176420032978058 -0.6237580180168152 0.40261900424957275
-0.5969970226287842 0.671239972114563 0.15243899822235107
0.4372510015964508 -0.6075620055198669 0.26867198944091797
-0.3467870056629181 -0.6385840177536011 0.2921299934387207
-0.5969970226287842 0.671239972114563 0.15243899822235107
-0.5116040110588074 0.7636809945106506 0.29868000745773315
0.4779680073261261 -0.566923975944519 0.17740599811077118
0.5435479879379272 0.6655030250549316 0.12650300562381744
-0.5367169976234436 0.7431650161743164 0.2657040059566498
0.5831699967384338 0.6089509725570679 0.05764399841427803
0.4372510015964508 -0.6075620055198669 0.26867198944091797
-0.5969970226287842 0.671239972114563 0.15243899822235107
-0.5116040110588074 0.7636809945106506 0.29868000745773315
0.44308799505233765 -0.6023920178413391 0.25509199500083923
0.6021159887313843 0.5688539743423462 0.02538999915122986
0.5831699967384338 0.6089509725570679 0.05764399841427803
-0.5591359734535217 0.7216989994049072 0.23333099484443665
0.5831699967384338 0.6089509725570679 0.05764399841427803
0.5831699967384338 0.6089509725570679 0.05764399841427803
0.4372510015964508 -0.6075620055198669 0.26867198944091797
0.5831699967384338 0.6089509725570679 0.05764399841427803
0.4779680073261261 -0.566923975944519 0.17740599811077118
0.5831699967384338 0.6089509725570679 0.05764399841427803
0.5831699967384338 0.6089509725570679 0.05764399841427803
0.5435479879379272 0.6655030250549316 0.12650300562381744
0.6193739771842957 0.5293329954147339 -0.006337999831885099
-0.3585050106048584 -0.6342599987983704 0.1474509984254837
0.5435479879379272 0.6655030250549316 0.12650300562381744
0.6021159887313843 0.5688539743423462 0.02538999915122986
-0.5591359734535217 0.7216989994049072 0.23333099484443665
0.36333799362182617 -0.654865026473999 0.3746199905872345
-0.5969970226287842 0.671239972114563 0.15243899822235107
0.43213900923728943 0.7937560081481934 0.2586669921875
0.4779680073261261 -0.566923975944519 0.17740599811077118
-0.4846859872341156 0.7830089926719666 0.33321401476860046
-0.4560000002384186 0.8008649945259094 0.36875098943710327
0.4779680073261261 -0.566923975944519 0.17740599811077118
0.5435479879379272 0.6655030250549316 0.12650300562381744
0.6021159887313843 0.5688539743423462 0.02538999915122986
0.4179919958114624 -0.6235730051994324 0.3012920022010803
-0.20625600218772888 -0.7090150117874146 0.39910298585891724
-0.5969970226287842 0.671239972114563 0.15243899822235107
-0.5116040110588074 0.7636809945106506 0.29868000745773315
-0.5969970226287842 0.671239972114563 0.15243899822235107
0.5831699967384338 0.6089509725570679 0.05764399841427803
-0.3649219870567322 -0.6287199854850769 0.1342409998178482
0.4779680073261261 -0.566923975944519 0.17740599811077118
-0.5969970226287842 0.671239972114563 0.15243899822235107
-0.5591359734535217 0.7216989994049072 0.23333099484443665
0.6021159887313843 0.5688539743423462 0.02538999915122986
0.28496700525283813 -0.6853600144386292 0.4614740014076233
-0.5591359734535217 0.7216989994049072 0.23333099484443665
0.4779680073261261 -0.566923975944519 0.17740599811077118
0.4892910122871399 -0.5525450110435486 0.16094200313091278
-0.5591359734535217 0.7216989994049072 0.23333099484443665
-0.5116040110588074 0.7636809945106506 0.29868000745773315
-0.05048999935388565 -0.7308430075645447 0.5661219954490662
-0.5591359734535217 0.7216989994049072 0.23333099484443665
