-0.055332332849502563 0.0188546571880579 0.046521469950675964
-0.048434898257255554 0.027593443170189857 0.056860800832509995
-0.03839845210313797 0.029246585443615913 0.06669797748327255
-0.02566789649426937 0.02740129455924034 0.07411271333694458
-0.015559318475425243 0.018496103584766388 0.07477506250143051
-0.026232905685901642 0.018570996820926666 0.07093144208192825
-0.03897653892636299 0.020709171891212463 0.06657713651657104
-0.04875165969133377 0.018545961007475853 0.05822741612792015
0.05812590941786766 0.019863706082105637 0.04599183425307274
0.05193621665239334 0.019954005256295204 0.057313933968544006
0.04237677901983261 0.02095506340265274 0.06582371890544891
0.029567796736955643 0.01703694462776184 0.06975972652435303
0.020169558003544807 0.01791158877313137 0.07422477006912231
0.030045421794056892 0.028377899900078773 0.07348911464214325
0.04260081797838211 0.03074060007929802 0.06527557224035263
0.05203694477677345 0.028478045016527176 0.055612269788980484
-0.045755643397569656 0.001872366527095437 0.05478737875819206
-0.03919920325279236 0.006051789503544569 0.061577603220939636
-0.03226751461625099 0.007746794261038303 0.06359811127185822
-0.02650335058569908 0.004484194330871105 0.062308572232723236
-0.01881394349038601 -0.0007125584525056183 0.060896892100572586
-0.026428939774632454 -0.0022082841023802757 0.06055397167801857
-0.03249666094779968 -0.0034724290017038584 0.06097842752933502
-0.03902887925505638 -0.0032852378208190203 0.05914789065718651
0.045923251658678055 0.002451544161885977 0.05256865173578262
0.04081770405173302 -0.002099650679156184 0.05744541808962822
0.03425506502389908 -0.003876759670674801 0.060779180377721786
0.028578981757164 -0.0018881488358601928 0.061846211552619934
0.01891903579235077 -0.0015625166706740856 0.06190655753016472
0.028400668874382973 0.006056800484657288 0.06370441615581512
0.034814152866601944 0.007343728560954332 0.06335078924894333
0.04081330448389053 0.005231023300439119 0.05953336879611015
-0.03302250802516937 0.003005976090207696 0.06255843490362167
0.03425634279847145 0.0026613471563905478 0.06244213879108429
0.012237665243446827 -0.0009582788334228098 0.06936636567115784
0.013630406931042671 -0.026722203940153122 0.07898812741041183
0.02186202071607113 -0.035646408796310425 0.06899924576282501
0.017000455409288406 -0.04535890743136406 0.07070295512676239
0.009548820555210114 -0.039839357137680054 0.0805482566356659
0.0006475509144365788 -0.04792463406920433 0.07903244346380234
-0.008302275091409683 -0.03858889639377594 0.08159525692462921
-0.014804523438215256 -0.045695506036281586 0.07089191675186157
-0.0189712792634964 -0.03792981058359146 0.06949517875909805
-0.01180060114711523 -0.027532637119293213 0.07689747214317322
-0.00963273923844099 -0.001049000071361661 0.0681225135922432
0.0012330408208072186 -0.033412493765354156 0.09197309613227844
-0.025770733132958412 -0.0647909939289093 0.05705443024635315
-0.016339970752596855 -0.05923495814204216 0.06596695631742477
-0.006424735300242901 -0.05823356285691261 0.07084415853023529
-0.0005441278917714953 -0.059325866401195526 0.07200171053409576
0.007189296651631594 -0.05793255940079689 0.07187771797180176
0.016453012824058533 -0.060329847037792206 0.06766761094331741
0.026140712201595306 -0.06427935510873795 0.05686049908399582
0.014332663267850876 -0.07150827348232269 0.06840291619300842
0.00032018215279094875 -0.07290906459093094 0.07150330394506454
-0.01470722071826458 -0.07074801623821259 0.06669393926858902
-0.011590858921408653 -0.06377995759248734 0.06718181073665619
-0.00042559701250866055 -0.06374582648277283 0.07058417797088623
0.011277563869953156 -0.06351561844348907 0.06849399209022522
-0.011823532171547413 -0.06480445712804794 0.06757736206054688
-0.00031438484438695014 -0.06525120884180069 0.07097267359495163
0.010906271636486053 -0.06517121940851212 0.06824580579996109
-0.062488771975040436 -0.04080857336521149 -0.022035494446754456
-0.05628020688891411 -0.06319024413824081 -0.017640551552176476
-0.051052484661340714 -0.07721983641386032 -0.0022796140983700752
-0.04069662094116211 -0.08946538716554642 0.020504269748926163
-0.02216946892440319 -0.09998932480812073 0.03840489313006401
-3.4185624826932326e-05 -0.10597796738147736 0.04437766224145889
0.021414117887616158 -0.1016739010810852 0.03862904757261276
0.03926811367273331 -0.09262187778949738 0.01977737806737423
0.05027031525969505 -0.07969760149717331 -0.0001260400895262137
0.05761007219552994 -0.06139794737100601 -0.015199946239590645
0.062188323587179184 -0.04186546429991722 -0.02353038266301155
