-0.05399523675441742 0.018201204016804695 0.04904850572347641
-0.0469917356967926 0.024932460859417915 0.058590225875377655
-0.03917432203888893 0.026396553963422775 0.06535275280475616
-0.025809727609157562 0.024801703169941902 0.0728364810347557
-0.016062868759036064 0.016307197511196136 0.0736895427107811
-0.02647261880338192 0.016327833756804466 0.07041676342487335
-0.038327690213918686 0.01828588917851448 0.06675340980291367
-0.04755151644349098 0.01689085178077221 0.059683870524168015
0.056279607117176056 0.017409732565283775 0.04987630993127823
0.05004090443253517 0.01648569665849209 0.05960533767938614
0.040761660784482956 0.017414990812540054 0.06662898510694504
0.028524821624159813 0.014301372691988945 0.06904920935630798
0.019431207329034805 0.015572457574307919 0.07360608130693436
0.029404468834400177 0.02472875826060772 0.07273474335670471
0.041599053889513016 0.02702850103378296 0.06569128483533859
0.0498410239815712 0.026815621182322502 0.05778186395764351
-0.04532991349697113 0.002044911030679941 0.055118754506111145
-0.03871535137295723 0.004756242968142033 0.059136975556612015
-0.03164088726043701 0.006567069329321384 0.06444301456212997
-0.025778472423553467 0.003227652981877327 0.06257417052984238
-0.017398977652192116 -0.0018225425155833364 0.06079159304499626
-0.02623942121863365 -0.0030287422705441713 0.059970732778310776
-0.03216394782066345 -0.004440933931618929 0.060695305466651917
-0.03851796314120293 -0.0034071088302880526 0.0589778795838356
0.04543726518750191 0.0006002092268317938 0.05397683009505272
0.039830226451158524 -0.0032870748545974493 0.058032430708408356
0.03356460481882095 -0.004571078345179558 0.06024665758013725
0.027515767142176628 -0.00287485565058887 0.0608697272837162
0.018331900238990784 -0.0016664272407069802 0.06072568520903587
0.027936145663261414 0.0030173049308359623 0.06250113248825073
0.0341227687895298 0.00576961413025856 0.06431025266647339
0.040905240923166275 0.004037004895508289 0.059030208736658096
-0.03210436552762985 0.0016391715034842491 0.06298234313726425
0.03344826400279999 0.0006497466820292175 0.06257525831460953
0.011513540521264076 -0.001351281302049756 0.06935382634401321
0.013805754482746124 -0.025169875472784042 0.08065683394670486
0.020211858674883842 -0.034974656999111176 0.06949566304683685
0.015853824093937874 -0.04322028160095215 0.07119159400463104
0.010001120157539845 -0.0381288155913353 0.08252217620611191
0.0008989942725747824 -0.04486722871661186 0.08049175143241882
-0.007963609881699085 -0.039115216583013535 0.0829765573143959
-0.013288633897900581 -0.04345323145389557 0.07043179869651794
-0.017332512885332108 -0.03567015752196312 0.06881804019212723
-0.011254843324422836 -0.02626768872141838 0.0783555805683136
-0.008948739618062973 -0.0021770342718809843 0.06770817935466766
0.0017475035274401307 -0.03285025432705879 0.0945267304778099
-0.02604672685265541 -0.06542366743087769 0.057852476835250854
-0.016721365973353386 -0.060270756483078 0.06869024783372879
-0.0069543104618787766 -0.05812247842550278 0.07457409054040909
0.00010982139792758971 -0.05986717715859413 0.07580778002738953
0.007544642314314842 -0.058165546506643295 0.07590160518884659
0.016525916755199432 -0.06108168140053749 0.07099704444408417
0.024123866111040115 -0.06411280483007431 0.058238282799720764
0.013004285283386707 -0.07196685671806335 0.0698218047618866
-0.00018138599989470094 -0.07293178141117096 0.07223188132047653
-0.01411418803036213 -0.07098953425884247 0.06774106621742249
-0.011739556677639484 -0.06373769044876099 0.06954216212034225
-0.000505880278069526 -0.06438073515892029 0.07322996854782104
0.010645616799592972 -0.06413206458091736 0.07080543786287308
-0.011686806567013264 -0.06516088545322418 0.06929806619882584
-0.0003699378576129675 -0.06575585156679153 0.0730668306350708
0.010050905868411064 -0.06543569266796112 0.07046889513731003
-0.06246304512023926 -0.04012640565633774 -0.02290167845785618
-0.05708997696638107 -0.06092575937509537 -0.01577177084982395
-0.05175166577100754 -0.07613325864076614 -0.00037564747617579997
-0.04172224551439285 -0.08901160210371017 0.019565872848033905
-0.021859876811504364 -0.10131993889808655 0.03986717760562897
-0.0010637239320203662 -0.10640192776918411 0.047780707478523254
0.021070802584290504 -0.10303221642971039 0.04109331592917442
0.0392754040658474 -0.0927291288971901 0.02081885188817978
0.05137361213564873 -0.07845078408718109 0.0027680867351591587
0.05792544037103653 -0.06005943939089775 -0.014155940152704716
0.06285601854324341 -0.040925320237874985 -0.022504497319459915
