-0.06735806167125702 0.029570037499070168 0.028304345905780792
-0.05960547551512718 0.03928994759917259 0.03764037787914276
-0.04831920191645622 0.04231056198477745 0.047959499061107635
-0.03518398851156235 0.042137134820222855 0.05548909679055214
-0.024984413757920265 0.03314138576388359 0.05736558139324188
-0.036198388785123825 0.03237580880522728 0.053544312715530396
-0.04940167814493179 0.03329148143529892 0.04865429550409317
-0.05956678092479706 0.030150242149829865 0.040331996977329254
0.05331720411777496 0.031344518065452576 0.03488605096936226
0.04492941498756409 0.03196210786700249 0.04603780806064606
0.03392061963677406 0.03433661535382271 0.05327571928501129
0.020655455067753792 0.031696781516075134 0.055830057710409164
0.010586407035589218 0.033193379640579224 0.05901123583316803
0.020937560126185417 0.043393708765506744 0.058061834424734116
0.034845735877752304 0.044570211321115494 0.05047681927680969
0.04565584659576416 0.04178415238857269 0.041566576808691025
-0.05429413169622421 0.012646341696381569 0.03905206546187401
-0.047537244856357574 0.017036767676472664 0.047011926770210266
-0.04042057693004608 0.01864851638674736 0.04908517748117447
-0.03464134410023689 0.016075043007731438 0.04649258032441139
-0.02458910271525383 0.010995220392942429 0.046781014651060104
-0.03408965468406677 0.008879775181412697 0.04659300297498703
-0.040690887719392776 0.007320589851588011 0.046596284955739975
-0.04726110026240349 0.008408247493207455 0.04406805336475372
0.0395854152739048 0.013680295087397099 0.04386422038078308
0.03283232823014259 0.008962800726294518 0.04760274291038513
0.02615867555141449 0.008982550352811813 0.04983573034405708
0.019692009314894676 0.010276755318045616 0.04973229393362999
0.009519923478364944 0.011272510513663292 0.04817712679505348
0.018863804638385773 0.017720242962241173 0.05189169943332672
0.02575274556875229 0.019360778853297234 0.05260295048356056
0.032298799604177475 0.016961148008704185 0.04919826611876488
-0.04027727618813515 0.014471334405243397 0.04623092710971832
0.025692351162433624 0.01581394486129284 0.04943108931183815
0.0020542179699987173 0.013355481438338757 0.05489877611398697
0.004885807167738676 -0.006617477163672447 0.06988491117954254
0.012592997401952744 -0.017750300467014313 0.0599861778318882
0.007463878020644188 -0.02553361840546131 0.06301621347665787
0.0016753902891650796 -0.018200205639004707 0.07329803705215454
-0.00781447533518076 -0.025692043825984 0.07135725021362305
-0.01707359403371811 -0.019252026453614235 0.07273893058300018
-0.022099334746599197 -0.026206985116004944 0.060676779597997665
-0.02622133307158947 -0.018818898126482964 0.05786190181970596
-0.019313056021928787 -0.0083007188513875 0.0682506337761879
-0.016215236857533455 0.011816468089818954 0.052556995302438736
-0.008047737181186676 -0.01149405725300312 0.08442769199609756
-0.033834367990493774 -0.0538528673350811 0.05404036492109299
-0.02484096959233284 -0.04505340754985809 0.0637437030673027
-0.015647374093532562 -0.040334682911634445 0.06955371052026749
-0.00900367833673954 -0.04188327491283417 0.07099863886833191
-0.0013207638403400779 -0.04001941531896591 0.0713035985827446
0.008049789816141129 -0.0448814332485199 0.06653686612844467
0.015500731766223907 -0.05183153972029686 0.05472523346543312
0.00540798669680953 -0.05661405995488167 0.06642317771911621
-0.008209693245589733 -0.056594118475914 0.06891170889139175
-0.022554680705070496 -0.056346941739320755 0.0633208230137825
-0.019802900031208992 -0.04837213456630707 0.06382574886083603
-0.008929667994379997 -0.04733841121196747 0.06771193444728851
0.001979889813810587 -0.04824308305978775 0.0659317746758461
-0.019517235457897186 -0.050390247255563736 0.06329065561294556
-0.008761703968048096 -0.049994293600320816 0.06668999046087265
0.0016859211027622223 -0.04978037253022194 0.06553449481725693
-0.0775136724114418 -0.04181424155831337 -0.03893795236945152
-0.07446717470884323 -0.06396134197711945 -0.028331410139799118
-0.06498131901025772 -0.0781899243593216 -0.007337154820561409
-0.05116415023803711 -0.0876704528927803 0.018852215260267258
-0.02815663255751133 -0.09393730759620667 0.04350349307060242
-0.00822976790368557 -0.09678751230239868 0.05158916115760803
0.013943430036306381 -0.09428425133228302 0.045856814831495285
0.03663116320967674 -0.08952318131923676 0.022980734705924988
0.053928881883621216 -0.07925835251808167 -0.002535596489906311
0.06563865393400192 -0.060726065188646317 -0.023411376401782036
0.06954885274171829 -0.039213720709085464 -0.031320203095674515
