-62.560489654541016 -65.98334503173828 32.63269805908203
-57.353843688964844 -74.93382263183594 47.759376525878906
-41.869388580322266 -85.13722229003906 44.958961486816406
-28.375900268554688 -92.11518096923828 42.000797271728516
-16.753494262695312 -89.4578857421875 31.533599853515625
-29.35738754272461 -82.53911590576172 31.54938316345215
-42.753692626953125 -80.2308578491211 32.86671447753906
-51.63005828857422 -75.75439453125 32.612548828125
62.43209457397461 -59.62383270263672 24.3807315826416
56.41922378540039 -69.97411346435547 26.085073471069336
44.68089294433594 -81.36397552490234 30.16179084777832
31.108264923095703 -83.20501708984375 30.106611251831055
22.4875431060791 -86.84921264648438 30.935134887695312
33.083126068115234 -89.94751739501953 39.71046447753906
48.708988189697266 -81.42138671875 42.33641815185547
59.62787628173828 -73.23616027832031 41.16570281982422
-47.759559631347656 -71.13086700439453 19.438997268676758
-40.80331802368164 -75.61344146728516 22.7901554107666
-34.772315979003906 -78.01789093017578 23.64441680908203
-28.854318618774414 -77.01930236816406 22.9708309173584
-18.771406173706055 -73.87728118896484 17.501821517944336
-28.367130279541016 -76.31192016601562 16.867115020751953
-34.50932312011719 -76.761474609375 15.785346984863281
-40.686134338378906 -74.94532775878906 16.3685359954834
48.295467376708984 -70.18418884277344 18.888851165771484
43.23154067993164 -73.21903991699219 16.810543060302734
37.45457077026367 -75.38159942626953 15.29140567779541
31.74226188659668 -75.10892486572266 16.309764862060547
21.722139358520508 -74.2911376953125 16.691295623779297
32.31800842285156 -75.85163879394531 22.665353775024414
38.23594665527344 -76.61761474609375 23.26628303527832
43.87003707885742 -74.0394515991211 22.253591537475586
-34.751678466796875 -75.65135192871094 20.4272518157959
37.506954193115234 -74.46883392333984 20.180374145507812
11.955694198608398 -82.17504119873047 15.762064933776855
16.738271713256836 -95.76229858398438 -11.893589973449707
21.530691146850586 -85.95658111572266 -21.319971084594727
18.996232986450195 -87.3410873413086 -30.048973083496094
13.890130043029785 -96.9744644165039 -24.91892433166504
2.9305694103240967 -97.74282836914062 -34.034061431884766
-6.7293524742126465 -102.94711303710938 -24.306547164916992
-13.342087745666504 -89.32440185546875 -29.608718872070312
-16.578540802001953 -87.49872589111328 -22.17667007446289
-10.884902000427246 -97.70772552490234 -10.291050910949707
-8.539207458496094 -83.6236572265625 16.55573272705078
12.01571273803711 -106.16739654541016 -24.880014419555664
-22.92565155029297 -77.00949096679688 -56.31400680541992
-14.293097496032715 -89.80179595947266 -50.80338668823242
-4.673819065093994 -94.9126968383789 -47.97146987915039
1.8460279703140259 -94.87835693359375 -49.99770736694336
8.514081001281738 -95.20806884765625 -48.341705322265625
19.317180633544922 -89.1166763305664 -52.630558013916016
26.177949905395508 -78.57868194580078 -56.91630554199219
13.592408180236816 -89.04481506347656 -63.43714904785156
0.7841939330101013 -91.95897674560547 -63.96678924560547
-11.837321281433105 -88.15813446044922 -62.4537239074707
-10.835426330566406 -87.23827362060547 -56.05745315551758
0.634519100189209 -91.73823547363281 -56.62167739868164
12.413877487182617 -88.576904296875 -56.78707504272461
-10.83735179901123 -87.20164489746094 -57.416439056396484
0.662438690662384 -91.78145599365234 -57.90330123901367
12.20199203491211 -88.75646209716797 -57.578887939453125
-74.33566284179688 12.711735725402832 -38.031890869140625
-68.2049560546875 -4.216231346130371 -62.82792282104492
-55.06550979614258 -24.141996383666992 -85.43687438964844
-33.17400360107422 -52.78628921508789 -97.45609283447266
-13.170303344726562 -68.21947479248047 -106.062255859375
-2.5219597816467285 -71.92327880859375 -107.19951629638672
13.15267276763916 -66.50082397460938 -106.06063079833984
32.77585983276367 -49.88724899291992 -102.43510437011719
58.205013275146484 -21.610044479370117 -84.36479187011719
62.474693298339844 -8.628908157348633 -77.38601684570312
75.22704315185547 19.94405746459961 -33.1455078125
